68 1
68 0
69 1
69 0
70 2
70 1
70 0
71 3
71 2
71 1
71 0
72 4
72 3
72 2
72 1
73 4
73 3
74 6
74 5
78 11
78 10
78 9
79 15
79 14
79 13
79 12
79 11
80 13
80 12
81 16
81 15
81 14
81 13
81 12
82 16
82 15
82 14
82 13
82 12
83 17
83 16
83 15
83 14
83 13
83 12
84 17
84 16
84 15
84 14
84 13
84 12
85 17
85 16
85 15
86 17
86 16
86 15
87 17
87 16
87 15
88 16
102 19
103 5
160 53
170 53
179 128
187 46
188 47
188 46
189 47
189 46
190 47
190 46
191 49
191 48
191 47
191 46
192 49
192 48
192 47
192 46
193 50
193 49
194 51
200 61
200 59
200 58
200 57
201 60
201 59
201 58
201 57
202 62
202 60
202 59
202 58
203 62
203 61
203 60
203 59
204 63
204 62
204 61
204 60
204 59
205 63
205 62
205 61
206 64
206 63
206 62
206 61
207 65
207 64
208 66
208 65
209 67
209 66
209 65
210 67
211 68
211 67
212 69
212 68
212 0
213 70
213 69
213 1
213 0
214 72
214 71
214 70
214 3
214 2
214 1
214 0
215 72
215 71
215 4
215 3
215 2
215 1
216 74
216 73
216 72
216 4
216 3
216 2
217 74
217 73
217 6
217 5
217 4
218 74
218 6
219 76
221 78
221 10
221 9
222 79
222 78
222 11
222 10
222 6
223 82
223 81
223 80
223 79
223 78
223 14
223 13
223 12
223 11
223 10
223 7
224 83
224 82
224 81
224 80
224 79
224 16
224 15
224 14
224 13
224 12
225 84
225 83
225 82
225 81
225 80
225 79
225 14
225 13
225 12
226 86
226 85
226 84
226 83
226 82
226 81
226 80
226 79
226 16
226 15
226 14
226 13
226 12
227 86
227 85
227 84
227 83
227 82
227 81
227 80
227 17
227 16
227 15
227 14
227 13
227 12
228 87
228 86
228 85
228 84
228 83
228 82
228 81
228 80
228 16
228 15
228 14
228 13
228 12
229 88
229 87
229 86
229 85
229 84
229 83
229 82
229 81
229 17
229 16
229 15
229 14
230 89
230 88
230 87
230 86
230 85
230 84
230 83
230 82
230 16
230 15
231 89
231 88
231 87
231 86
231 85
231 84
231 16
231 15
232 90
232 89
232 88
232 87
232 86
233 129
233 91
233 90
233 89
233 88
233 87
234 93
234 92
234 91
234 90
234 89
234 88
234 87
235 95
235 94
235 93
235 92
235 91
235 90
235 89
236 96
236 95
236 94
236 93
236 92
236 91
236 90
236 89
237 97
237 96
237 95
237 94
237 93
237 92
237 91
238 97
238 96
238 95
238 94
238 93
238 92
238 91
239 98
239 97
239 96
239 95
239 94
239 93
239 92
239 91
240 99
240 98
240 97
240 96
240 95
240 94
240 93
240 92
241 99
241 98
241 97
241 96
241 95
241 94
242 100
242 99
242 98
242 97
242 96
243 101
243 100
243 99
243 98
243 97
244 101
244 100
244 99
244 98
245 104
245 103
245 102
245 101
245 100
245 99
245 97
246 105
246 104
246 103
246 102
246 101
246 100
247 106
247 105
247 104
247 103
247 102
247 101
248 105
248 104
248 103
248 102
249 108
249 107
249 106
249 105
249 104
249 103
250 109
250 108
250 107
250 106
250 105
250 104
251 110
251 109
251 108
251 107
251 106
252 111
252 110
252 109
252 108
252 107
252 106
253 112
253 111
253 110
253 109
253 108
253 107
254 113
254 112
254 111
254 110
254 109
254 108
254 107
255 113
255 112
255 111
255 110
255 109
255 107
256 113
256 112
256 111
256 110
256 109
256 108
257 113
257 112
257 111
258 115
261 118
262 119
263 121
263 120
263 119
264 122
264 121
264 120
265 124
265 123
265 122
265 121
265 120
266 124
266 123
266 122
266 121
267 125
267 124
267 123
267 122
267 120
268 126
268 125
268 124
268 123
268 122
269 127
269 126
269 125
269 124
270 128
270 127
270 126
271 128
273 131
273 130
274 134
274 133
274 132
274 131
275 134
275 133
275 132
275 131
276 135
276 134
276 133
276 132
276 131
276 68
277 136
277 135
277 134
278 137
278 136
278 135
278 134
278 133
278 132
279 139
279 138
279 137
279 136
279 135
280 140
280 139
280 138
280 137
280 136
281 140
281 139
281 138
281 137
281 136
282 141
282 140
282 139
282 138
282 137
283 194
283 144
283 143
283 142
283 141
283 140
283 139
284 195
284 144
284 142
284 141
284 140
284 139
284 7
285 146
285 145
285 144
285 143
285 142
285 141
285 140
285 68
285 7
286 146
286 145
286 144
286 143
286 142
286 141
286 140
286 115
286 68
287 195
287 147
287 146
287 145
287 144
287 143
287 142
287 141
288 149
288 148
288 147
288 146
288 145
288 144
288 143
288 142
288 76
288 68
289 149
289 148
289 147
289 146
289 145
289 143
290 150
290 149
290 148
290 147
290 146
291 151
291 150
291 149
291 148
291 147
292 152
292 151
292 150
292 149
292 148
292 147
293 153
293 152
293 151
293 150
293 149
293 148
294 153
294 152
294 151
294 150
294 149
295 154
295 153
295 152
295 151
296 155
296 154
296 153
296 152
296 151
297 156
297 155
297 154
297 153
297 152
298 156
298 155
298 154
299 156
299 155
299 154
300 157
300 156
301 159
302 161
302 160
303 164
303 161
303 160
303 116
304 164
304 163
304 162
304 161
304 160
305 164
305 163
305 162
305 161
306 166
306 165
306 164
306 163
306 162
306 161
306 160
307 167
307 166
307 165
307 164
307 163
307 162
307 161
307 160
308 210
308 168
308 167
308 166
308 165
308 164
308 163
309 169
309 168
309 167
309 166
309 165
309 164
310 169
310 168
310 167
310 166
310 165
310 164
311 170
311 169
311 168
311 167
312 171
312 170
312 169
312 168
313 171
313 170
313 169
314 172
315 173
316 174
318 179
318 178
318 176
319 181
319 180
319 179
319 178
319 177
320 181
320 180
320 179
320 178
320 177
320 176
321 195
321 181
321 180
321 179
321 178
321 177
321 176
322 184
322 183
322 182
322 181
322 180
322 179
322 178
322 177
323 185
323 184
323 183
323 182
323 181
323 180
323 179
323 178
323 177
324 185
324 184
324 183
324 182
324 181
325 186
325 185
325 184
325 183
325 182
325 181
325 180
326 186
326 185
326 184
326 182
327 186
327 185
328 188
328 187
328 186
328 185
328 184
329 189
329 188
329 187
329 186
329 185
329 46
330 190
330 189
330 188
330 187
330 186
330 129
330 113
330 46
331 191
331 190
331 189
331 188
331 47
331 46
331 45
332 191
332 189
332 48
332 47
332 46
333 192
333 191
333 190
333 189
333 48
333 47
333 46
334 192
334 49
334 48
334 47
335 193
335 50
341 199
341 57
342 202
342 201
342 200
342 60
342 59
342 58
342 57
343 204
343 203
343 202
343 201
343 62
343 60
343 59
343 58
343 57
344 204
344 203
344 202
344 201
344 62
344 61
344 60
344 59
344 58
344 34
345 205
345 204
345 203
345 63
345 62
345 61
345 60
345 59
346 205
346 204
346 64
346 63
346 62
346 61
346 60
346 59
347 207
347 65
347 64
347 63
347 62
348 207
348 66
348 65
348 63
349 67
349 66
349 65
349 64
350 209
350 205
350 67
350 66
350 65
350 64
350 63
351 210
351 209
351 68
351 67
351 66
351 65
351 63
352 213
352 212
352 211
352 210
352 69
352 68
352 67
352 66
352 63
352 1
352 0
353 213
353 212
353 211
353 71
353 70
353 69
353 68
353 67
353 1
353 0
354 214
354 213
354 71
354 70
354 69
354 68
354 67
354 2
354 1
354 0
355 215
355 214
355 72
355 71
355 69
355 4
355 3
355 2
355 1
355 0
356 215
356 72
356 71
356 3
356 2
356 1
357 72
357 4
357 3
358 217
358 216
358 74
358 6
358 5
360 76
360 8
361 9
362 222
362 221
362 78
362 11
362 10
363 263
363 259
363 223
363 128
363 115
363 82
363 81
363 79
363 16
363 15
363 14
363 13
363 12
363 11
363 5
364 263
364 227
364 225
364 224
364 223
364 84
364 83
364 82
364 81
364 80
364 79
364 68
364 16
364 15
364 14
364 13
364 12
365 227
365 226
365 225
365 224
365 223
365 128
365 84
365 83
365 82
365 81
365 80
365 79
365 17
365 16
365 15
365 14
365 13
365 12
366 223
366 84
366 83
366 82
366 81
366 16
366 15
366 14
366 13
366 12
367 229
367 223
367 84
367 83
367 82
367 81
367 17
367 16
367 15
367 14
367 13
367 12
368 84
368 83
368 82
368 17
368 16
368 15
368 14
369 229
369 84
369 83
369 82
369 81
369 17
369 16
369 15
369 14
369 13
371 19
372 20
373 22
373 21
374 24
374 23
374 22
375 25
375 24
375 23
375 22
376 25
376 24
376 23
376 22
377 26
377 25
377 24
377 23
377 22
378 27
378 26
378 25
378 24
379 27
379 26
381 28
382 32
382 31
382 30
382 29
382 28
382 27
383 31
383 30
383 29
384 31
384 30
386 33
68 0
69 0
70 1
70 0
71 2
71 1
71 0
72 3
72 2
73 3
78 10
80 13
80 12
81 16
81 15
81 14
81 13
81 12
82 16
82 15
82 14
82 13
82 12
83 16
83 15
83 14
83 13
84 16
84 15
84 14
84 13
85 16
85 15
86 16
86 15
188 46
191 48
191 47
191 46
192 48
192 47
193 50
200 57
201 59
201 58
202 59
203 60
203 59
204 61
205 62
206 63
206 62
207 64
208 65
209 66
210 67
211 67
213 0
214 71
214 2
215 72
215 3
216 74
217 74
221 78
221 10
222 78
222 11
222 10
223 81
223 80
223 79
223 11
224 81
224 80
224 13
224 12
225 82
225 81
225 80
225 13
225 12
226 83
226 82
226 81
226 80
226 14
226 13
226 12
227 84
227 83
227 82
227 16
227 15
227 13
228 85
228 84
228 83
228 16
228 15
228 14
229 87
229 86
229 85
229 84
229 17
229 16
229 15
230 88
230 87
230 86
230 85
230 84
230 16
231 89
231 88
231 87
231 86
231 85
232 90
232 89
232 88
232 87
232 86
233 90
233 89
233 88
233 87
234 92
234 91
234 90
234 89
234 88
235 93
235 92
235 91
235 90
236 94
236 93
236 92
236 91
237 95
237 94
237 93
237 92
238 96
238 95
238 94
238 93
239 96
239 95
239 94
239 93
240 97
240 96
240 95
240 94
241 98
241 97
241 96
242 99
242 98
242 97
243 100
243 99
243 98
244 100
244 99
245 102
245 101
245 100
246 104
246 103
246 102
246 101
246 100
247 104
247 103
247 102
248 104
249 106
249 105
249 104
250 108
250 107
250 106
250 105
251 110
251 109
251 108
251 107
251 106
252 108
252 107
253 111
253 110
253 109
253 108
254 112
254 111
254 110
254 109
254 108
255 112
255 111
255 110
255 109
256 113
256 112
256 111
257 113
257 112
262 119
263 120
263 119
264 122
264 121
264 120
265 123
265 122
265 121
266 123
266 122
266 121
267 125
267 124
267 123
268 125
268 124
269 126
269 125
270 126
273 131
273 130
274 133
274 132
274 131
275 133
275 132
275 131
276 134
276 133
277 135
277 134
278 136
278 135
278 134
279 138
279 137
279 136
280 139
280 138
280 137
281 140
281 139
281 138
281 137
282 140
282 139
282 138
283 141
283 140
283 139
284 144
284 142
284 141
284 140
285 144
285 143
285 142
285 141
285 140
286 146
286 145
286 144
286 143
286 142
287 146
287 145
287 144
287 143
287 142
288 147
288 146
288 145
288 144
289 147
289 146
289 145
290 149
290 148
290 147
291 149
291 148
291 147
292 151
292 150
292 149
292 148
293 152
293 151
293 150
293 149
294 153
294 152
294 151
295 153
295 152
296 152
297 155
297 154
298 156
298 155
301 159
302 160
303 161
303 160
304 163
304 162
304 161
305 163
305 162
306 164
306 163
306 162
307 166
307 165
307 164
307 163
307 161
308 167
308 166
308 165
308 164
309 168
309 167
309 166
309 165
310 169
310 168
310 167
310 166
311 170
311 169
311 168
312 170
312 169
313 171
313 170
313 169
314 172
315 173
316 174
318 176
319 179
319 178
319 177
320 179
320 178
321 195
321 180
321 179
321 178
322 182
322 181
322 179
323 184
323 182
323 181
324 184
324 183
324 182
324 181
325 185
325 184
325 183
325 182
325 181
326 185
326 184
327 186
327 185
328 187
328 186
329 189
329 188
329 187
329 186
330 189
330 188
330 46
331 189
331 46
332 191
332 46
333 46
334 192
335 50
342 200
343 201
343 60
343 59
343 58
344 61
344 60
344 59
345 62
345 61
345 60
346 205
346 63
346 62
350 66
351 67
351 66
352 69
352 68
352 67
353 69
353 1
353 0
354 213
354 69
354 2
354 1
354 0
355 214
355 71
355 3
355 2
355 1
356 72
361 9
362 222
362 221
362 78
362 10
363 223
363 82
363 81
363 79
363 15
363 14
363 13
363 12
364 224
364 223
364 82
364 81
364 80
364 79
364 14
364 13
364 12
365 224
365 223
365 83
365 82
365 81
365 80
365 15
365 14
365 13
365 12
366 83
366 82
366 81
366 16
366 15
366 14
366 13
366 12
367 84
367 83
367 82
367 81
367 16
367 15
367 14
367 13
367 12
368 16
368 15
369 84
369 83
369 17
369 16
369 15
369 14
373 21
374 23
374 22
375 24
375 23
376 24
376 23
376 22
377 25
377 24
377 23
378 25
379 26
381 28
382 30
382 29
382 28
383 30
68 0
69 0
70 1
70 0
71 2
71 1
71 0
72 3
72 2
73 3
78 10
80 13
80 12
81 16
81 15
81 14
81 13
81 12
82 16
82 15
82 14
82 13
82 12
83 16
83 15
83 14
83 13
84 16
84 15
84 14
84 13
85 16
85 15
86 16
86 15
